[0.09257926505020209, 0.3601888225267335, 0.2531815247846166]
[0.4113175615987664, -0.5769345876086522, -0.4144883540654125, -0.5711074762997101]
im0.png
[0.05804999998621821, 0.3967883781123456, 0.25901080556535694]
[0.6827153055822419, -0.2715335542884484, -0.575577699603418, -0.35899812275061466]
im1.png
[-0.015183695911721917, 0.3900443576724079, 0.20700377262391673]
[0.630252225221949, -0.34003481432203525, -0.3271256143486858, -0.6165608567601053]
im2.png
[-0.021447856339895932, 0.38903846658212826, 0.18880595084037838]
[0.5788167853626798, 0.33980073463583416, -0.37134869172805546, 0.6415658492120843]
im3.png
[0.11618894006479485, 0.37310062291995544, 0.22049176595567327]
[0.4124758415516954, 0.5758676128359488, -0.5741555190300596, 0.41059178339339675]
im4.png
[0.06303528055219101, 0.3958974166010163, 0.27414774065853986]
[0.7275221103264813, 0.032128022009445645, -0.6852163674411917, 0.012565786030388937]
im5.png
[0.060005246190445366, 0.4114752549413151, 0.21508547817489568]
[0.7343661602512586, -0.015162476626052468, -0.6756859564337402, 0.06264926383134228]
im6.png
[0.11103281247952243, 0.43067226941269887, 0.21822292279541844]
[0.6415494967542645, -0.33148435792119224, -0.6731431969426914, -0.15940702643766264]
im7.png
[0.049938671707343174, 0.29781977369577756, 0.21418756950318724]
[0.5869812304697304, 0.6028198438609378, -0.36008123553224725, 0.40299227627993783]
im8.png
[0.02653113296632778, 0.408403237237834, 0.20935441417748019]
[0.7204181243913436, 0.1836818663463083, -0.5901395897595647, 0.3146330602819855]
im9.png
