[0.058227761687695, 0.4251263019433744, 0.2291209497689587]
[-0.09213475539099292, 0.68426859879181, -0.16899913994211524, 0.7033682977326743]
im0.png
[0.05515318425135468, 0.44231573938878777, 0.2017009300561241]
[-0.12377021219563994, 0.7180853131262093, 0.042250055056478, 0.6835563989117539]
im1.png
[0.08352237015576547, 0.4201139821094204, 0.1930799245763336]
[0.4871223097854591, -0.5949409297079735, -0.4104293782962761, -0.4902090073619857]
im2.png
[0.079994933744725, 0.37034481671616964, 0.17969659733202525]
[0.35479051751467994, -0.7075949820957178, -0.253681632671069, -0.5559484321769125]
im3.png
[0.0781037664424456, 0.3335928042908726, 0.24008258736999286]
[0.012252338365242255, 0.7490142608206676, 0.007048381926384295, 0.6624030778944736]
im4.png
[0.02903822287740135, 0.35672870980561394, 0.21345081919729866]
[0.363299461970335, 0.632354247667884, -0.19273347967677545, 0.6565024083734434]
im5.png
[0.014026915848274257, 0.3772349587606365, 0.20310010463645095]
[0.5364820166580917, 0.5233379149746121, -0.4234139202098086, 0.5089451097368496]
im6.png
[0.04267289891555945, 0.42259319736273904, 0.20425344181161192]
[0.7272794084146422, -0.1357849534101247, -0.6632523370819564, -0.11279825299525176]
im7.png
[0.020442900722711432, 0.4262779243376966, 0.18624830356682168]
[0.3327830409086463, 0.3846421902983863, -0.5614533510885342, 0.6527449484120956]
im8.png
[-0.009828605117708028, 0.4480638448141152, 0.18565053970753576]
[0.8507510385033559, -0.10100446550645598, -0.5153411848324404, -0.021076803569630126]
im9.png
[0.14398095390794152, 0.4186850036655303, 0.1718471403605226]
[0.5099938632856228, 0.034166314344088206, -0.8593474973131663, -0.016149341681449658]
im10.png
[0.1417331519549565, 0.31486787274379363, 0.18482985715660064]
[-0.24884356694112986, 0.5194637695611003, 0.6513933922882833, 0.4938835083180549]
im11.png
