[0.06755561591080114, 0.3916907340415373, 0.30113417812594157]
[0.699939182505902, -0.2993273167587404, -0.5689573885136778, -0.31108807159818586]
im0.png
[0.06754791448260397, 0.39171886361276825, 0.27519788973582127]
[0.6999654842624802, -0.2992681429554521, -0.5689420442989952, -0.31111388538936435]
im1.png
[0.014507426569445564, 0.44787206914872396, 0.24966851240393317]
[0.7009086582861249, -0.40451193725481704, -0.30345973491327516, -0.5030003326482635]
im2.png
[-0.013722715047973344, 0.4479287931240324, 0.24965298883179832]
[0.7009082234439287, -0.40454334159499383, -0.30344663813451367, -0.50298358311648]
im3.png
[-0.010841255137333056, 0.40975476152299173, 0.2496865820193197]
[0.7008986256668959, -0.40451021049234837, -0.3034630937405461, -0.5030136746482237]
im4.png
[0.01713544127169303, 0.4111999830589187, 0.24968748438278282]
[0.700904563015217, -0.4045095648081929, -0.3034230699360603, -0.5030300648606513]
im5.png
[0.05133901575486444, 0.5051452591662597, 0.1963795355152746]
[0.729788321982325, -0.5988191873933584, -0.18382338589097186, -0.2739225231837631]
im6.png
[0.001738807079167598, 0.37561911881718146, 0.22885789490968744]
[0.6476780016865474, -0.32317315257488977, -0.3804855280991294, -0.575589334937032]
im7.png
[0.0018171594434423788, 0.353203791416514, 0.2667561262522561]
[0.7008244097075748, -0.18139483661729813, -0.49164063714520034, -0.4839737016761082]
im8.png
[0.0018184905233291637, 0.35318038417845316, 0.3271691930297962]
[0.7007798385438473, -0.18156467170512508, -0.49168387771995997, -0.48393062753801064]
im9.png
[0.11080877084075302, 0.4193458390019125, 0.24721896955237344]
[0.6238092592464328, -0.05363679312359432, -0.7778077445669909, 0.054774218328002]
im10.png
[0.004794870861699191, 0.3510983604547961, 0.24969808677606029]
[0.5764304472782258, -0.331639988224924, -0.4010988031549809, -0.6299703229267539]
im11.png
[0.01230930125698032, 0.3525635008400128, 0.25115412471996706]
[0.5752570790870837, -0.3229030233322005, -0.39243535655639955, -0.6409426038324901]
im12.png
[0.033364111056703366, 0.35271997121179943, 0.23204827664053995]
[0.7672301096867498, -0.24794538571894853, -0.5766023226710398, -0.13195001319098934]
im13.png
[0.04308618838027406, 0.3650743504402537, 0.2320486733282282]
[-0.56201611476635, -0.31641266859494555, 0.5420730085624068, -0.5386815044937616]
im14.png
[0.03173094636766044, 0.42818971341154133, 0.20788946415186274]
[-0.10989517190660644, -0.6439308444864807, 0.11363975388737124, -0.7485733932267185]
im15.png
[0.04332470579882383, 0.3835746101597699, 0.29038971859871154]
[-0.03530855333052407, -0.6090362892781561, 0.17619692670183734, -0.7725171502464053]
im16.png
[0.06965479770907304, 0.24096120839966734, 0.1646155183933251]
[0.6080916957879704, 0.7443131788285606, -0.1804941291994132, 0.2089120644203657]
im17.png
[0.09776229800401287, 0.4125388519087567, 0.21946620790329674]
[0.537486171947045, 0.506480209479134, -0.4492976144835731, 0.5027107179989848]
im18.png
[0.16728869890708228, 0.3633318575007422, 0.23111412155352437]
[-0.3236664016549188, -0.6857203271299659, 0.5956112899512889, -0.2650941053344847]
im19.png
[0.14350927992299697, 0.3885837747733746, 0.3165506553357543]
[0.4397754856550242, 0.5824709995763567, -0.5166487720965599, 0.4476595840150467]
im20.png
[0.14352478836534058, 0.3885880720376153, 0.2650237256123672]
[0.4430183744001541, 0.5795885131625156, -0.5138224536934951, 0.45144031879563573]
im21.png
[0.11357811539084922, 0.39052043128814495, 0.22283936389555403]
[0.4442427153884885, 0.6204210025714394, -0.4650591204703335, 0.44882758812251317]
im22.png
[0.08143701566123074, 0.3797982587329437, 0.27990032610704385]
[0.37204476321219093, 0.5940290215455946, -0.49495344229178817, 0.5135497110226802]
im23.png
[0.08142264626994392, 0.37978769017202585, 0.31273628647958807]
[0.3720312962670913, 0.5940678618350167, -0.49498601662855335, 0.5134831384522741]
im24.png
[0.08142483160375391, 0.3797916287490376, 0.2886679742198601]
[0.37202940886113867, 0.5940493648070058, -0.49494659418697873, 0.5135439027167346]
im25.png
[0.08144732796154339, 0.3798747967913386, 0.2759124833222468]
[0.5129619131220293, 0.47771024338800416, -0.6112351627053243, 0.3674977209738273]
im26.png
[0.08158321341929053, 0.37996376686388555, 0.3135945597074209]
[0.6733356729662747, 0.19304575707780777, -0.7119822414270712, 0.04933249515070448]
im27.png
[0.08143200216607496, 0.37983071475542135, 0.25597098887807657]
[0.43327326634644414, 0.5510283226827252, -0.5469834276374764, 0.4576583815040471]
im28.png
[0.08142506052777956, 0.3798243317284227, 0.2797947990255306]
[0.4332497716220975, 0.5510400183263701, -0.5470250609650982, 0.45761677883181423]
im29.png
