[0.04869370767586276, 0.3556736999626639, 0.2243580013428576]
[0.4877963697366317, 0.5669339849676572, -0.4531831910973242, 0.48504180610263004]
im0.png
[0.051526426733052744, 0.39786172943942977, 0.22689826948414676]
[0.6584455594458485, 0.20667080932724535, -0.6951814404287788, 0.20114518811404225]
im1.png
[0.10334629214860278, 0.415237825184285, 0.21557280739133117]
[0.6241656285551248, -0.2685546693707516, -0.7177068240015823, -0.15229107810740006]
im2.png
[0.01629691384283305, 0.43693128840661644, 0.2137945636948269]
[-0.42282439348671674, 0.5897274989512882, 0.07772476905347203, 0.6836664899853088]
im4.png
[0.010687622637130356, 0.40120087562861584, 0.2253763625642757]
[-0.050185955951919936, 0.6158488870006851, -0.11187990613489784, 0.7782637116096677]
im5.png
[0.05584672186185363, 0.4261119376303384, 0.22535257358512778]
[-0.09260774957035073, 0.6840986861442473, -0.1692648913021539, 0.703407555338795]
im6.png
[0.058254795436206014, 0.4251259089530119, 0.22911463411337532]
[-0.09210255712901899, 0.6842713488028864, -0.16899603760866366, 0.7033705847207045]
im7.png
