[0.026543790381792443, 0.4084013006068607, 0.20936947728292965]
[0.7204084742811002, 0.18367909137593075, -0.5901513695952036, 0.31463468108299]
im0.png
[0.06266627351941315, 0.32263455783406336, 0.2013191014749175]
[0.6985709728079215, 0.23167433977825524, -0.643912027765889, 0.209052377974815]
im1.png
[0.07567486497298931, 0.38009734554290303, 0.22342103966587937]
[0.6808184631463701, 0.24095242456410926, -0.6782080973979903, 0.1358746700437214]
im2.png
[0.11782089158670475, 0.3436948673804919, 0.20173259911820504]
[0.5597224415453936, 0.4806557785499088, -0.5798372540785536, 0.34564370348624424]
im3.png
[0.06199283917717249, 0.3419189274043443, 0.20539730183364222]
[0.6200638564028373, -0.3169147124529271, -0.6524051805894991, -0.29908754463150655]
im4.png
[0.03997050015384446, 0.4531015838189991, 0.17912095796492353]
[0.4671456921795156, 0.2549933105854921, -0.6330874503746069, 0.5620974951135715]
im5.png
[0.051363158768190614, 0.3703571693042756, 0.2678495809196965]
[0.5222354921208169, 0.497081120374454, -0.5219748090857115, 0.45576611240475207]
im6.png
[0.05136295718096409, 0.3703656450040026, 0.23549035287710984]
[0.5222609765422387, 0.4970856719483946, -0.5219059159539865, 0.4558108401705586]
im7.png
[0.05136332636561103, 0.37039484795868555, 0.17322463780160427]
[0.5222739136567461, 0.49711417223132415, -0.5217504471947019, 0.4559429018337268]
im8.png
[0.051371928000070344, 0.370392703002546, 0.19075974817552818]
[0.5222883303000332, 0.49709386294981867, -0.5217921919681506, 0.45590075658097273]
im9.png
[0.05563276351230942, 0.3590363854974699, 0.18230941826516722]
[0.6658088622203184, 0.2442990339341008, -0.6713721615579389, 0.21511848291760352]
im10.png
[0.0558758474628763, 0.3624235073027963, 0.18496891995511788]
[0.34293577194378455, 0.6374532116405497, -0.3224783316510894, 0.6099640849312351]
im11.png
[0.09316268090534077, 0.44044462394695316, 0.18779278310156344]
[0.5880872167776995, -0.6352022789477763, -0.29785104373225957, -0.40243787847295637]
im12.png
[0.08929181245224593, 0.4780674433731216, 0.16536399903897897]
[0.6337647074077178, -0.6644391920709385, -0.21281778464098192, -0.33402312229100634]
im13.png
[-0.018434080949059545, 0.32353279183375433, 0.17057087351891942]
[-0.6054412033697883, 0.3492215971092279, 0.3450937960991342, 0.6264147964955105]
im14.png
[0.01590541750496363, 0.366836207773414, 0.19792162057430926]
[0.3450706479368487, -0.5897539060010927, -0.2737686643608457, -0.6768805631002981]
im15.png
[0.09890602468299553, 0.346710354013989, 0.256529105429538]
[0.46720822926046807, -0.50220703594323, -0.4915445935448314, -0.5365523982960652]
im16.png
[0.03066034850467897, 0.37372320103244433, 0.26075771079613974]
[0.49074640391917884, 0.48124119124005843, -0.5223655450361115, 0.5046871508700911]
im17.png
