[0.11675578661606037, 0.47444103039585744, 0.2356967321988865]
[0.6163031217733418, -0.6014212319812356, -0.35616779297074586, -0.36277743461377737]
im0.png
[0.13365393839858392, 0.38954211169770325, 0.2743660306528821]
[0.422446052637129, -0.6002164428512574, -0.4163752063658537, -0.5365736127187803]
im1.png
[0.06381456973923161, 0.3798484777653827, 0.25362203474983025]
[0.540796870368232, -0.4218453328474272, -0.4113503478589956, -0.6003133777212131]
im2.png
[0.05453613626277529, 0.37254857031905936, 0.25361487460512167]
[0.54079557715406, -0.4218449122382185, -0.4113519493106404, -0.6003137409285858]
im3.png
[0.07616228238027009, 0.37044724894841413, 0.25359955695426534]
[0.540810104466094, -0.42182814915411754, -0.41132766027288503, -0.6003290759100531]
im4.png
[0.0761411766977961, 0.3970293824837521, 0.2535948203967703]
[0.5408086756504441, -0.4218468309992264, -0.41131588003308134, -0.6003253071041854]
im5.png
[0.05359996030423722, 0.39708744279255326, 0.2536071397412406]
[0.5407856298086599, -0.4218446620032657, -0.41137718946360535, -0.6003055819504147]
im6.png
[0.055147340391378336, 0.3788031803428796, 0.2543949626088876]
[-0.07996908154459792, 0.5878718529070648, 0.041606065979632456, 0.8039157703579565]
im7.png
[0.09969927036023268, 0.501904665094112, 0.2175045922625703]
[-0.69745902486381, 0.23517238722386194, 0.6629182898583471, -0.137055455545329]
im8.png
[0.09702540168369275, 0.4242440502063419, 0.251109305615742]
[0.7012976491867927, -0.038483220962515385, -0.7115110925705348, 0.02127472910548972]
im9.png
[0.11087877915521314, 0.3391330039516175, 0.29060305278000176]
[0.6958170764869351, 0.3428386761497568, -0.6290653112998288, 0.05076487293696824]
im10.png
[0.12989463355106246, 0.36003645299171944, 0.2626165232053138]
[0.6862249368418206, 0.07579819660317294, -0.7098932286438109, -0.139289530740152]
im11.png
[0.09143298156372281, 0.36973086323277315, 0.2540464472947954]
[0.5318008683561614, 0.5257098925572081, -0.4716058293728224, 0.4673380863836089]
im12.png
[0.07505758716222999, 0.4049916478992982, 0.28506770863700415]
[0.53002241554615, 0.5146216676864634, -0.49664399676820764, 0.45561553819018097]
im13.png
[0.09376941804817227, 0.34732153558213236, 0.2301602467423775]
[0.7078153231719867, -0.029907493354194348, -0.705745110113086, -0.005181667267657009]
im14.png
[0.11165261307985065, 0.3529057730331585, 0.21673706742754112]
[0.5269071887032205, -0.43425045201445767, -0.46971427338496974, -0.559610454509686]
im15.png
[0.07748374138316391, 0.4613448905907292, 0.29536993773094217]
[0.5348335553649977, -0.5471314452395518, -0.44826993304393536, -0.46222755955752026]
im16.png
[0.13305094927261302, 0.2789421138430431, 0.20199554847432288]
[0.2754001603298517, -0.29629264091537516, -0.6521408854800518, -0.6411534045101679]
im17.png
[0.10866636734984823, 0.3437353029573611, 0.22645633926785969]
[0.5954471522346079, -0.21378573691340685, -0.7302585899851748, -0.25779980477291187]
im18.png
[0.04913797216643667, 0.5778180511965764, 0.17371502587451815]
[0.6918003130662564, -0.6759073524298106, -0.1459141475814522, -0.20801595926354194]
im19.png
[0.04123046902126978, 0.5520154960239578, 0.20621048876626394]
[0.02298376775650937, 0.3998703856092025, -0.41348212817329766, 0.8176845056705817]
im20.png
[0.08153934253485848, 0.3675134090266038, 0.21039873947869264]
[0.26291987985910736, 0.6484912027452958, -0.3182704002234573, 0.6395594179420956]
im21.png
[0.10476554274180139, 0.361996692984929, 0.2079038213635415]
[0.2587833040862991, 0.645504085606275, -0.32272909210669737, 0.6420292906867809]
im22.png
[0.11678170860777892, 0.3887378826798354, 0.2796642347011843]
[0.6372712313455839, -0.14768671503776004, -0.6925990699573177, -0.30394167235655256]
im23.png
[0.05861033342786098, 0.4303804719861821, 0.29768885345674434]
[0.630367857941342, 0.32896604135681146, -0.5846239607561543, 0.39068213654870276]
im24.png
