[-0.004, 0.374, 0.309]
[-0.506, 0.514, 0.477, 0.502]
im1.png
[-0.032, 0.353, 0.313]
[-0.559, 0.413, 0.496, 0.520]
im2.png
[-0.045, 0.337, 0.313]
[-0.295, 0.581, 0.282, 0.705]
im3.png
[-0.097, 0.350, 0.302]
[0.726, -0.177, -0.511, -0.425]
im4.png
[-0.081, 0.392, 0.286]
[0.377, 0.496, -0.408, 0.668]
im5.png
[0.021, 0.372, 0.270]
[0.384, 0.606, -0.576, 0.392]
im6.png
[-0.040, 0.412, 0.289]
[0.713, -0.203, -0.654, -0.151]
im7.png
[-0.091, 0.384, 0.282]
[-0.622, 0.396, 0.362, 0.570]
im8.png
[0.024, 0.375, 0.282]
[-0.372, -0.593, 0.602, -0.383]
im9.png

